loading 150d cached, 7 coins...

============================================================================================
ENTRY A slope0.15  |  APEX-BASE reference  (gap0.05 over0.10 to9)
============================================================================================
  sl   be  act  lock  dist   tp |     n     net$     PF    WR    maxDD   t/wk
  30   20   35    20    15  2.0 |   240      153   1.06  34.6     -255   11.2 <- Apex base

============================================================================================
ENTRY A slope0.15  |  STAGE 1: SL x BE x TRAIL_DIST  (top 12 by net, PF>=1.10)
============================================================================================
  sl   be  act  lock  dist   tp |     n     net$     PF    WR    maxDD   t/wk
  50   25   35    20    10  2.0 |   241     1366   1.39  50.2     -304   11.2 
  50   25   35    20    15  2.0 |   241     1016   1.29  50.2     -351   11.2 
  40   25   35    20    10  2.0 |   241      957   1.28  46.1     -323   11.2 
  50   20   35    20    10  2.0 |   241      914   1.30  40.7     -274   11.2 
  35   25   35    20    10  2.0 |   241      804   1.25  43.6     -337   11.2 
  50   25   35    20    20  2.0 |   241      751   1.21  50.2     -443   11.2 
  50   25   35    20    25  2.0 |   241      748   1.21  50.2     -455   11.2 
  35   20   35    20    10  2.0 |   241      744   1.27  37.3     -282   11.2 
  50   15   35    20    10  2.0 |   241      728   1.31  34.4     -198   11.2 
  40   15   35    20    10  2.0 |   241      728   1.33  33.6     -213   11.2 
  35   15   35    20    10  2.0 |   241      722   1.34  32.8     -273   11.2 
  40   20   35    20    10  2.0 |   241      716   1.24  38.2     -329   11.2 

============================================================================================
ENTRY A slope0.15  |  STAGE 2: refine ACTIVATE x LOCK x TP on leader (sl50 be25 dist10)
============================================================================================
  sl   be  act  lock  dist   tp |     n     net$     PF    WR    maxDD   t/wk
  50   25   25    10    10  1.0 |   241     2022   1.58  71.0     -261   11.2 
  50   25   25    10    10  1.5 |   241     2022   1.58  71.0     -261   11.2 
  50   25   25    10    10  2.0 |   241     2022   1.58  71.0     -261   11.2 
  50   25   25    15    10  1.0 |   241     2022   1.58  71.0     -261   11.2 
  50   25   25    15    10  1.5 |   241     2022   1.58  71.0     -261   11.2 
  50   25   25    15    10  2.0 |   241     2022   1.58  71.0     -261   11.2 
  50   25   25    20    10  1.0 |   241     2022   1.58  71.0     -261   11.2 
  50   25   25    20    10  1.5 |   241     2022   1.58  71.0     -261   11.2 
  50   25   25    20    10  2.0 |   241     2022   1.58  71.0     -261   11.2 
  50   25   25    25    10  1.0 |   241     2022   1.58  71.0     -261   11.2 

============================================================================================
ENTRY A slope0.15  |  STAGE 3: IS/OOS robustness (top configs)
============================================================================================
  sl   be  act  lock  dist   tp |     n     net$     PF    WR    maxDD   t/wk
  sl   be  act  lock  dist   tp |  IS_n  IS_net  IS_PF | OOS_n OOS_net OOS_PF  verdict
  50   25   35    20    10  2.0 |   142     862   1.43 |    99     504   1.34  ROBUST
  50   25   35    20    15  2.0 |   142     645   1.32 |    99     371   1.25  ROBUST
  40   25   35    20    10  2.0 |   142     700   1.36 |    99     257   1.17  ROBUST
  50   20   35    20    10  2.0 |   142     767   1.46 |    99     146   1.10  ROBUST
  35   25   35    20    10  2.0 |   142     495   1.27 |    99     309   1.23  ROBUST
  50   25   25    10    10  1.0 |   142    1244   1.62 |    99     778   1.52  ROBUST
  50   25   25    10    10  1.5 |   142    1244   1.62 |    99     778   1.52  ROBUST
  50   25   25    10    10  2.0 |   142    1244   1.62 |    99     778   1.52  ROBUST
  50   25   25    15    10  1.0 |   142    1244   1.62 |    99     778   1.52  ROBUST
  50   25   25    15    10  1.5 |   142    1244   1.62 |    99     778   1.52  ROBUST

============================================================================================
ENTRY B slope0.08  |  APEX-BASE reference  (gap0.05 over0.10 to9)
============================================================================================
  sl   be  act  lock  dist   tp |     n     net$     PF    WR    maxDD   t/wk
  30   20   35    20    15  2.0 |   857     -192   0.98  34.3    -1071   40.0 <- Apex base

============================================================================================
ENTRY B slope0.08  |  STAGE 1: SL x BE x TRAIL_DIST  (top 12 by net, PF>=1.10)
============================================================================================
  sl   be  act  lock  dist   tp |     n     net$     PF    WR    maxDD   t/wk
  50   25   35    20    10  2.0 |   846     2890   1.22  49.9     -535   39.5 
  40   25   35    20    10  2.0 |   852     2217   1.18  45.8     -779   39.8 
  50   25   35    20    15  2.0 |   846     1893   1.15  49.9     -642   39.5 
  50   20   35    20    10  2.0 |   846     1513   1.13  41.7     -795   39.5 
  35   25   35    20    10  2.0 |   856     1280   1.11  42.4    -1021   39.9 
  40   20   35    20    10  2.0 |   851     1269   1.11  38.9     -929   39.7 
  40   25   35    20    15  2.0 |   852     1243   1.10  45.8     -861   39.8 
  20   25   35    20    10  2.0 |   857     1151   1.13  32.8     -574   40.0 
  50   15   35    20    10  2.0 |   848      994   1.11  34.2     -937   39.6 
  40   15   35    20    10  2.0 |   853      901   1.10  32.9     -956   39.8 
  20   15   35    20    10  2.0 |   856      719   1.10  26.2     -590   39.9 
  50   25   35    20    20  2.0 |   847     1145   1.09  49.9     -858   39.5 

============================================================================================
ENTRY B slope0.08  |  STAGE 2: refine ACTIVATE x LOCK x TP on leader (sl50 be25 dist10)
============================================================================================
  sl   be  act  lock  dist   tp |     n     net$     PF    WR    maxDD   t/wk
  50   25   25    10    10  1.5 |   845     4384   1.34  69.2     -478   39.4 
  50   25   25    10    10  2.0 |   845     4384   1.34  69.2     -478   39.4 
  50   25   25    15    10  1.5 |   845     4384   1.34  69.2     -478   39.4 
  50   25   25    15    10  2.0 |   845     4384   1.34  69.2     -478   39.4 
  50   25   25    20    10  1.5 |   845     4384   1.34  69.2     -478   39.4 
  50   25   25    20    10  2.0 |   845     4384   1.34  69.2     -478   39.4 
  50   25   25    25    10  1.5 |   845     4384   1.34  69.2     -478   39.4 
  50   25   25    25    10  2.0 |   845     4384   1.34  69.2     -478   39.4 
  50   25   25    10    10  1.0 |   845     4380   1.34  69.2     -478   39.4 
  50   25   25    15    10  1.0 |   845     4380   1.34  69.2     -478   39.4 

============================================================================================
ENTRY B slope0.08  |  STAGE 3: IS/OOS robustness (top configs)
============================================================================================
  sl   be  act  lock  dist   tp |     n     net$     PF    WR    maxDD   t/wk
  sl   be  act  lock  dist   tp |  IS_n  IS_net  IS_PF | OOS_n OOS_net OOS_PF  verdict
  50   25   35    20    10  2.0 |   432    1197   1.17 |   414    1693   1.28  ROBUST
  40   25   35    20    10  2.0 |   436    1115   1.17 |   416    1102   1.19  ROBUST
  50   25   35    20    15  2.0 |   432     635   1.09 |   414    1259   1.21  weak
  50   20   35    20    10  2.0 |   433     680   1.11 |   413     832   1.15  ROBUST
  35   25   35    20    10  2.0 |   438     875   1.14 |   418     405   1.07  weak
  50   25   25    10    10  1.5 |   432    1991   1.28 |   413    2393   1.40  ROBUST
  50   25   25    10    10  2.0 |   432    1991   1.28 |   413    2393   1.40  ROBUST
  50   25   25    15    10  1.5 |   432    1991   1.28 |   413    2393   1.40  ROBUST
  50   25   25    15    10  2.0 |   432    1991   1.28 |   413    2393   1.40  ROBUST
  50   25   25    20    10  1.5 |   432    1991   1.28 |   413    2393   1.40  ROBUST

legend: cols = sl/be/activate/lock/dist/tp ladder ($, 250@30x). zero-fee 5m.
ROBUST = positive + PF>=1.10 in BOTH IS and OOS halves. NO $82 SL used.
