DATA ['SOL', 'ETH', 'ZEC', 'HYPE', 'BTC'] 15m ~25.7wk  fixed-notional $200@10x   (cd = consec_losses, minutes)
config                         n   t/wk    PF   WR    exp%    oPF  oWR   wfPF    hsPF   strk    net$     DD$  liq
baseline (no cd)            4932  191.8  1.49   89  +0.061   1.42   88   1.42    1.43      6     605      44    0
cd(2,360m) [LIVE now]       4269  166.0  1.67   90  +0.071   1.66   91   1.52    1.59      5     609      17    0
cd(3,180m) [you asked]      4741  184.4  1.58   89  +0.067   1.47   89   1.44    1.50      6     637      21    0
cd(3,90m)                   4783  186.0  1.56   89  +0.066   1.47   89   1.43    1.48      6     628      23    0
cd(3,120m)                  4766  185.3  1.55   89  +0.065   1.47   89   1.42    1.48      6     622      26    0
cd(3,240m)                  4713  183.3  1.58   89  +0.067   1.47   89   1.47    1.50      6     630      24    0
cd(3,360m)                  4661  181.3  1.58   89  +0.067   1.46   89   1.46    1.50      5     623      20    0
cd(4,120m)                  4868  189.3  1.52   89  +0.063   1.44   89   1.42    1.45      7     612      29    0
cd(4,180m)                  4856  188.8  1.53   89  +0.064   1.45   89   1.42    1.46      7     620      24    0
cd(2,120m)                  4489  174.6  1.64   90  +0.070   1.61   90   1.47    1.57      5     628      23    0
cd(2,180m)                  4437  172.5  1.67   90  +0.072   1.64   90   1.51    1.60      5     641      19    0
cd(5,180m)                  4915  191.1  1.49   89  +0.061   1.43   88   1.43    1.42      7     602      44    0
