DATA ['SOL', 'ETH', 'ZEC', 'HYPE', 'BTC'] 15m  ~25.7wk  (fixed-notional $200@10x)
levers off = validated baseline. exp%=mean per-trade return. streak=worst consec losses.

config                         n   t/wk    PF   WR    exp%    oPF  oWR   wfPF    hsPF   strk    net$     DD$  liq
baseline                    4932  191.8  1.49   89  +0.061   1.42   88   1.42    1.43      6     605      44    0
z_rollover                  2593  100.8  1.41   88  +0.053   1.86   90   1.12    1.34      8     276      53    0
z_max=4.0                   4902  190.6  1.49   89  +0.061   1.43   88   1.43    1.43      6     603      44    0
z_max=3.5                   4858  188.9  1.51   89  +0.063   1.46   89   1.46    1.45      6     613      44    0
z_max=3.0                   4729  183.9  1.51   89  +0.062   1.49   89   1.44    1.44      6     588      48    0
z_max=2.5                   4392  170.8  1.52   89  +0.062   1.44   89   1.42    1.45      6     549      44    0
min_slope=0.01%             4842  188.3  1.51   89  +0.063   1.45   89   1.43    1.44      6     607      44    0
min_slope=0.02%             4749  184.7  1.51   89  +0.064   1.48   89   1.41    1.45      6     604      44    0
min_slope=0.05%             4455  173.2  1.56   89  +0.068   1.46   89   1.47    1.49      6     603      48    0
min_slope=0.1%              4033  156.8  1.60   90  +0.071   1.52   89   1.48    1.53      6     575      48    0
cooldown(2,180m)            4437  172.5  1.67   90  +0.072   1.64   90   1.51    1.60      5     641      19    0
cooldown(3,180m)            4741  184.4  1.58   89  +0.067   1.47   89   1.44    1.50      6     637      21    0
cooldown(2,360m)            4269  166.0  1.67   90  +0.071   1.66   91   1.52    1.59      5     609      17    0
cooldown(3,360m)            4661  181.3  1.58   89  +0.067   1.46   89   1.46    1.50      5     623      20    0
cooldown(4,360m)            4837  188.1  1.54   89  +0.065   1.45   89   1.44    1.47      5     624      24    0
cooldown(3,720m)            4482  174.3  1.55   89  +0.065   1.42   89   1.48    1.48      6     581      24    0
roll+zmax3.0                2529   98.3  1.45   89  +0.058   1.79   89   1.17    1.38      8     292      47    0
roll+cd(3,360)              2516   97.8  1.52   89  +0.063   1.88   90   1.26    1.45      6     316      39    0
zmax3+slope.02+cd(3,360)    4356  169.4  1.60   90  +0.068   1.57   90   1.54    1.53      7     593      23    0
ALL(roll+zmax3+sl.02+cd)    2365   92.0  1.56   89  +0.066   1.86   90   1.27    1.49      6     314      26    0

PER-COIN PF/WR/n (generalization check):
  baseline                 SOL:1.48/88%/1023  ETH:1.33/88%/963  ZEC:1.43/89%/943  HYPE:1.74/90%/1034  BTC:1.38/88%/969
  z_rollover               SOL:1.35/88%/539  ETH:1.30/88%/524  ZEC:1.38/89%/483  HYPE:1.50/89%/526  BTC:1.51/88%/521
  z_max=3.0                SOL:1.67/89%/983  ETH:1.29/88%/916  ZEC:1.43/88%/902  HYPE:1.68/90%/1004  BTC:1.44/88%/924
  min_slope=0.02%          SOL:1.57/89%/977  ETH:1.34/88%/914  ZEC:1.42/89%/933  HYPE:1.76/90%/1009  BTC:1.41/88%/916
  roll+zmax3.0             SOL:1.63/89%/523  ETH:1.28/88%/508  ZEC:1.40/89%/471  HYPE:1.45/88%/519  BTC:1.58/89%/508
  ALL(roll+zmax3+sl.02+cd) SOL:1.66/89%/499  ETH:1.25/88%/478  ZEC:1.36/89%/465  HYPE:1.57/89%/508  BTC:1.57/89%/477
